1.- 1, 4, 6, 12, 17, 26, 31, 46
2.- 7, 24, 39, 46
3.- 1, 9, 14, 16, 23, 26, 39, 43, 45
4.- 6, 14, 17, 31, 37, 43
5.- 7, 14, 16, 19, 29, 33, 37, 39, 41, 42, 46
6.- 1, 3, 4, 16, 20, 21, 23, 26, 37, 39, 41, 42, 45
7.- 6, 12, 15, 17, 26, 31, 37, 43
8.- 7, 14, 24, 35, 37, 39, 41
9.- 13, 14, 16, 18, 21, 23, 36, 39, 41, 43, 45
10.- 4, 12, 17, 25, 26, 29, 45
11.- 7, 14, 16, 19, 24, 29, 35, 47
12.- 1, 9, 16, 36, 39, 45
13.- 12, 15, 17, 25, 29
14.- 7, 16, 19, 29, 37, 39, 41, 47


var_answers	

var_kuest1=1|4|6|12|17|26|31

var_kuest2=10|39|46

var_kuest3=14|23|39|45

var_kuest4=6|14|37|43

var_kuest5=7|14|19|29|35|37|39|42|46

var_kuest6=1|3|4|21|20|23|26|33|37|39|42|45

var_kuest7=6|12|15|17|26|31|37

var_kuest8=7|14|24|37|39

var_kuest9=14|18|21

var_kuest10=4|12|45|17|25|29

var_kuest11=29|47

var_kuest12=1|9|36|39|45

var_kuest13=12|18|25|29

var_kuest14=29|36|37|39|41|46|47